纯水题，大部分为简单模拟题，推论结论题，基本无算法，有些东西如果不知道的可以百度，非常简单易懂。
主要目的是为了锻炼编码速度，培养细心和耐心。
1000 1002 1003 1004 1005 1006 1007 1008 1013 1017 
1028 1045 1046 1047 1067 1068 1083 1102 1146 1163 
1207 1218 1247 1256 1298 1316 1318 1326 1401 1423 
1450 1493 1503 1504 1517 1519 1528 1543 1552 1565 
1575 1579 1595 1604 1656 1657 1658 1663 1664 1665 
1666 1674 1731 1775 1799 1828 1833 1844 1862 1922 
1936 1939 1969 2000 2013 2017 2027 2028 2039 2070 
2080 2081 2101 2105 2109 2136 2141 2159 2190 2191 
2196 2209 2242 2249 2262 2271 2272 2291 2301 2304 
2316 2328 2346 2350 2363 2365 2370 2371 2388 2389 
2390 2405 2406 2410 2453 2470 2475 2497 2498 2501 
2509 2521 2538 2551 2562 2572 2578 2583 2601 2602 
2608 2612 2624 2629 2636 2656 2665 2681 2696 2707 
2719 2739 2769 2782 2840 2853 2864 2871 2876 2894 
2895 2909 2924 2945 3006 3030 3048 3062 3077 3085 
3086 3094 3095 3096 3100 3117 3157 3173 3176 3210 
3219 3224 3292 3302 3325 3364 3386 3425 3427 3438 
3475 3507 3518 3536 3543 3561 3589 3618 3619 3624 
3627 3632 3637 3650 3664 3672 3673 3737 3748 3749 
3751 3752 3753 3781 3863 3911 3913 3916 3917 3970 
3979 3980 3981 3982 3992 3994 